24
22
66
53
17
1
10
39
32
28
8
34
91
3
43
54
42
23
55
41
66
15
1
44
23
91
16
88
3
15
13
88
91
100
73
12
84
75
48
96
82
31
17
68
28
38
4
31
56
68
35
34
80
73
23
13
68
35
42
34
70
34
47
77
32
49
70
6
71
88
49
43
59
76
98
81
99
89
42
33
52
58
10
17
60
87
69
100
76
38
63
58
23
93
54
65
45
79
44
7
66
46
78
53
7
67
52
64
27
23
13
19
96
92
87
44
75
12
69
69
100
36
67
1
98
53
78
4
14
99
60
13
75
94
85
60
36
97
5
80
3
34
52
76
41
8
38
49
37
96
77
64
54
29
14
67
44
92
23
20
17
49
39
94
86
12
80
19
46
30
73
47
2
7
94
28
74
82
13
78
94
85
17
25
63
46
82
57
68
14
54
11
3
68
97
96
72
30
46
15